	ANF1	ANF2	ANF3	ANF4	SGL861	SGL862	GREER1	GREER2	GREER3	ELEVEN1	CHERRY1	CHERRY2	ROYAL1	ROYAL2	ROYAL3	ROYAL4	ROYAL5	ROYAL6	DEER1	YELLOW1	DEER2	YELLOW2	YELLOW3	YELLOW4	WAYLUSING1	WAYLUSING2	WYALUSING3	WYALUSING4	WYALUSING5	WYALUSING6
ANF1	0.00	4.38	20.30	0.97	20.27	21.43	1168.95	1168.87	1168.83	1168.68	1419.53	1419.53	729.73	729.23	727.97	725.57	727.87	727.19	664.15	660.70	664.40	660.54	664.28	660.63	986.94	987.19	986.88	987.68	988.50	987.11
ANF2	4.38	0.00	17.80	3.64	17.12	18.38	1172.67	1172.59	1172.55	1172.40	1423.23	1423.23	734.11	733.60	732.34	729.94	732.24	731.56	667.82	664.40	668.06	664.24	667.95	664.33	988.58	988.82	988.52	989.32	990.15	988.75
ANF3	20.30	17.80	0.00	20.25	3.70	3.22	1172.00	1171.91	1171.87	1171.74	1422.31	1422.31	742.12	741.63	740.23	737.85	740.12	739.48	666.84	663.66	667.09	663.49	666.98	663.59	977.54	977.78	977.48	978.29	979.14	977.71
ANF4	0.97	3.64	20.25	0.00	20.05	21.24	1169.92	1169.83	1169.79	1169.65	1420.50	1420.50	730.55	730.04	728.79	726.38	728.68	728.00	665.12	661.67	665.36	661.51	665.25	661.60	987.76	988.01	987.70	988.50	989.32	987.93
SGL861	20.27	17.12	3.70	20.05	0.00	1.40	1175.58	1175.49	1175.45	1175.32	1425.90	1425.90	744.79	744.31	742.92	740.54	742.81	742.17	670.43	667.24	670.68	667.07	670.57	667.17	980.99	981.23	980.92	981.73	982.59	981.15
SGL862	21.43	18.38	3.22	21.24	1.40	0.00	1175.20	1175.11	1175.07	1174.94	1425.50	1425.50	745.11	744.62	743.23	740.84	743.12	742.48	670.04	666.86	670.28	666.69	670.17	666.79	979.89	980.13	979.83	980.64	981.49	980.06
GREER1	1168.95	1172.67	1172.00	1169.92	1175.58	1175.20	0.00	0.30	0.43	0.46	251.08	251.08	634.78	635.71	630.53	632.35	630.26	632.20	505.26	508.34	505.01	508.52	505.12	508.42	690.34	690.31	690.33	689.71	688.26	690.25
GREER2	1168.87	1172.59	1171.91	1169.83	1175.49	1175.11	0.30	0.00	0.13	0.69	251.14	251.14	634.87	635.80	630.62	632.44	630.35	632.29	505.16	508.26	504.92	508.43	505.03	508.33	690.05	690.02	690.04	689.42	687.97	689.96
GREER3	1168.83	1172.55	1171.87	1169.79	1175.45	1175.07	0.43	0.13	0.00	0.80	251.17	251.17	634.91	635.84	630.65	632.47	630.38	632.32	505.12	508.21	504.87	508.38	504.98	508.29	689.93	689.89	689.92	689.29	687.85	689.84
ELEVEN1	1168.68	1172.40	1171.74	1169.65	1175.32	1174.94	0.46	0.69	0.80	0.00	251.37	251.37	634.35	635.28	630.10	631.92	629.83	631.77	505.00	508.08	504.75	508.25	504.86	508.15	690.52	690.48	690.51	689.88	688.44	690.43
CHERRY1	1419.53	1423.23	1422.31	1420.50	1425.90	1425.50	251.08	251.14	251.17	251.37	0.00	0.00	861.89	862.82	858.30	860.35	858.07	859.95	755.48	758.83	755.23	758.99	755.34	758.90	839.41	839.32	839.42	838.60	836.96	839.29
CHERRY2	1419.53	1423.23	1422.31	1420.50	1425.90	1425.50	251.08	251.14	251.17	251.37	0.00	0.00	861.89	862.82	858.30	860.35	858.07	859.95	755.48	758.83	755.23	758.99	755.34	758.90	839.41	839.32	839.42	838.60	836.96	839.28
ROYAL1	729.73	734.11	742.12	730.55	744.79	745.11	634.78	634.87	634.91	634.35	861.89	861.89	0.00	0.93	6.03	6.51	6.42	4.99	368.21	359.21	368.24	359.58	368.19	359.29	946.95	947.08	946.90	947.00	946.54	947.00
ROYAL2	729.23	733.60	741.63	730.04	744.31	744.62	635.71	635.80	635.84	635.28	862.82	862.82	0.93	0.00	6.67	6.85	7.06	5.47	368.72	359.71	368.74	360.08	368.69	359.78	947.52	947.66	947.48	947.58	947.12	947.57
ROYAL3	727.97	732.34	740.23	728.79	742.92	743.23	630.53	630.62	630.65	630.10	858.30	858.30	6.03	6.67	0.00	2.52	0.38	1.67	362.24	353.24	362.26	353.61	362.21	353.32	940.92	941.06	940.87	940.97	940.51	940.97
ROYAL4	725.57	729.94	737.85	726.38	740.54	740.84	632.35	632.44	632.47	631.92	860.35	860.35	6.51	6.85	2.52	0.00	2.56	1.77	361.93	352.92	361.95	353.28	361.90	352.99	940.87	941.01	940.82	940.92	940.46	940.92
ROYAL5	727.87	732.24	740.12	728.68	742.81	743.12	630.26	630.35	630.38	629.83	858.07	858.07	6.42	7.06	0.38	2.56	0.00	1.96	361.86	352.86	361.88	353.23	361.83	352.94	940.53	940.67	940.48	940.58	940.12	940.58
ROYAL6	727.19	731.56	739.48	728.00	742.17	742.48	632.20	632.29	632.32	631.77	859.95	859.95	4.99	5.47	1.67	1.77	1.96	0.00	363.25	354.25	363.27	354.61	363.22	354.32	942.06	942.20	942.01	942.11	941.65	942.11
DEER1	664.15	667.82	666.84	665.12	670.43	670.04	505.26	505.16	505.12	505.00	755.48	755.48	368.21	368.72	362.24	361.93	361.86	363.25	0.00	9.41	0.25	9.12	0.14	9.36	581.86	582.01	581.80	581.97	581.62	581.92
YELLOW1	660.70	664.40	663.66	661.67	667.24	666.86	508.34	508.26	508.21	508.08	758.83	758.83	359.21	359.71	353.24	352.92	352.86	354.25	9.41	0.00	9.50	0.41	9.42	0.11	591.19	591.35	591.14	591.31	590.96	591.26
DEER2	664.40	668.06	667.09	665.36	670.68	670.28	505.01	504.92	504.87	504.75	755.23	755.23	368.24	368.74	362.26	361.95	361.88	363.27	0.25	9.50	0.00	9.22	0.12	9.46	581.79	581.95	581.74	581.91	581.56	581.86
YELLOW2	660.54	664.24	663.49	661.51	667.07	666.69	508.52	508.43	508.38	508.25	758.99	758.99	359.58	360.08	353.61	353.28	353.23	354.61	9.12	0.41	9.22	0.00	9.14	0.31	590.86	591.02	590.81	590.98	590.63	590.93
YELLOW3	664.28	667.95	666.98	665.25	670.57	670.17	505.12	505.03	504.98	504.86	755.34	755.34	368.19	368.69	362.21	361.90	361.83	363.22	0.14	9.42	0.12	9.14	0.00	9.38	581.86	582.01	581.81	581.98	581.62	581.92
YELLOW4	660.63	664.33	663.59	661.60	667.17	666.79	508.42	508.33	508.29	508.15	758.90	758.90	359.29	359.78	353.32	352.99	352.94	354.32	9.36	0.11	9.46	0.31	9.38	0.00	591.13	591.29	591.08	591.25	590.90	591.20
WAYLUSING1	986.94	988.58	977.54	987.76	980.99	979.89	690.34	690.05	689.93	690.52	839.41	839.41	946.95	947.52	940.92	940.87	940.53	942.06	581.86	591.19	581.79	590.86	581.86	591.13	0.00	0.25	0.06	1.00	2.68	0.19
WAYLUSING2	987.19	988.82	977.78	988.01	981.23	980.13	690.31	690.02	689.89	690.48	839.32	839.32	947.08	947.66	941.06	941.01	940.67	942.20	582.01	591.35	581.95	591.02	582.01	591.29	0.25	0.00	0.31	0.80	2.50	0.09
WYALUSING3	986.88	988.52	977.48	987.70	980.92	979.83	690.33	690.04	689.92	690.51	839.42	839.42	946.90	947.48	940.87	940.82	940.48	942.01	581.80	591.14	581.74	590.81	581.81	591.08	0.06	0.31	0.00	1.04	2.71	0.25
WYALUSING4	987.68	989.32	978.29	988.50	981.73	980.64	689.71	689.42	689.29	689.88	838.60	838.60	947.00	947.58	940.97	940.92	940.58	942.11	581.97	591.31	581.91	590.98	581.98	591.25	1.00	0.80	1.04	0.00	1.71	0.81
WYALUSING5	988.50	990.15	979.14	989.32	982.59	981.49	688.26	687.97	687.85	688.44	836.96	836.96	946.54	947.12	940.51	940.46	940.12	941.65	581.62	590.96	581.56	590.63	581.62	590.90	2.68	2.50	2.71	1.71	0.00	2.50
WYALUSING6	987.11	988.75	977.71	987.93	981.15	980.06	690.25	689.96	689.84	690.43	839.29	839.28	947.00	947.57	940.97	940.92	940.58	942.11	581.92	591.26	581.86	590.93	581.92	591.20	0.19	0.09	0.25	0.81	2.50	0.00
