	BAYOU1	BAYOU2	SFSL1	SFSL2	SFSL3	SFSL4	BAGLEY1	WYALUSING1	BAGLEY2	WYALUSING2	BAGLEY3	BAGLEY4	HOLW1	HOAM1	HOLW2	HONW1	HONW2	HONW3	SANTEE1	SANTEE2	SANTEE3	BEIDLER1	BEIDLER2	RICERIVER1	RICERIVER2	RICERIVER3	DEEPBOTTOM1
BAYOU1	0.00	0.30	50.76	50.99	42.88	43.24	811.26	818.45	811.07	821.06	810.96	811.28	872.57	872.34	872.58	872.64	872.40	872.34	1042.51	1042.51	1042.51	1008.51	1008.51	1243.00	1243.00	1242.96	1235.30
BAYOU2	0.30	0.00	50.91	51.14	42.99	43.35	811.54	818.73	811.35	821.35	811.24	811.56	872.82	872.58	872.82	872.88	872.65	872.58	1042.53	1042.53	1042.53	1008.53	1008.53	1243.15	1243.15	1243.11	1235.45
SFSL1	50.76	50.91	0.00	0.23	9.75	9.14	802.68	809.93	802.50	812.11	802.40	802.70	827.16	826.89	827.17	827.19	826.95	826.89	996.50	996.50	996.50	962.69	962.69	1192.24	1192.24	1192.20	1184.54
SFSL2	50.99	51.14	0.23	0.00	9.95	9.35	802.64	809.88	802.45	812.07	802.36	802.66	826.95	826.68	826.96	826.97	826.74	826.67	996.29	996.29	996.29	962.49	962.49	1192.01	1192.01	1191.97	1184.31
SFSL3	42.88	42.99	9.75	9.95	0.00	0.64	809.07	816.31	808.88	818.56	808.78	809.09	836.87	836.60	836.88	836.89	836.65	836.59	1001.66	1001.66	1001.66	967.77	967.77	1200.49	1200.49	1200.45	1192.83
SFSL4	43.24	43.35	9.14	9.35	0.64	0.00	808.53	815.77	808.34	818.01	808.25	808.55	836.28	836.01	836.29	836.30	836.06	836.00	1001.49	1001.49	1001.49	967.61	967.61	1200.07	1200.07	1200.02	1192.41
BAGLEY1	811.26	811.54	802.68	802.64	809.07	808.53	0.00	7.28	0.25	11.35	0.39	0.03	747.94	748.83	747.68	749.26	749.24	749.20	1455.03	1455.03	1455.03	1431.29	1431.29	1335.45	1335.45	1335.38	1323.34
WYALUSING1	818.45	818.73	809.93	809.88	816.31	815.77	7.28	0.00	7.45	7.43	7.54	7.27	751.77	752.67	751.51	753.10	753.08	753.04	1461.00	1461.00	1461.00	1437.34	1437.34	1339.51	1339.51	1339.44	1327.38
BAGLEY2	811.07	811.35	802.50	802.45	808.88	808.34	0.25	7.45	0.00	11.59	0.15	0.28	748.01	748.90	747.75	749.33	749.31	749.27	1455.00	1455.00	1455.00	1431.26	1431.26	1335.51	1335.51	1335.44	1323.40
WYALUSING2	821.06	821.35	812.11	812.07	818.56	818.01	11.35	7.43	11.59	0.00	11.73	11.32	746.35	747.25	746.08	747.67	747.66	747.62	1458.01	1458.01	1458.01	1434.47	1434.47	1334.26	1334.26	1334.19	1322.12
BAGLEY3	810.96	811.24	802.40	802.36	808.78	808.25	0.39	7.54	0.15	11.73	0.00	0.42	748.07	748.96	747.80	749.38	749.36	749.32	1455.00	1455.00	1455.00	1431.25	1431.25	1335.56	1335.56	1335.49	1323.45
BAGLEY4	811.28	811.56	802.70	802.66	809.09	808.55	0.03	7.27	0.28	11.32	0.42	0.00	747.93	748.82	747.67	749.25	749.23	749.19	1455.03	1455.03	1455.03	1431.29	1431.29	1335.44	1335.44	1335.37	1323.33
HOLW1	872.57	872.82	827.16	826.95	836.87	836.28	747.94	751.77	748.01	746.35	748.07	747.93	0.00	1.19	0.31	1.49	1.61	1.61	824.14	824.14	824.14	811.71	811.71	588.82	588.82	588.75	576.56
HOAM1	872.34	872.58	826.89	826.68	836.60	836.01	748.83	752.67	748.90	747.25	748.96	748.82	1.19	0.00	1.50	0.44	0.44	0.43	822.95	822.95	822.95	810.52	810.52	587.86	587.86	587.79	575.61
HOLW2	872.58	872.82	827.17	826.96	836.88	836.29	747.68	751.51	747.75	746.08	747.80	747.67	0.31	1.50	0.00	1.80	1.92	1.92	824.44	824.44	824.44	812.01	812.01	589.09	589.09	589.02	576.83
HONW1	872.64	872.88	827.19	826.97	836.89	836.30	749.26	753.10	749.33	747.67	749.38	749.25	1.49	0.44	1.80	0.00	0.26	0.32	822.71	822.71	822.71	810.30	810.30	587.45	587.44	587.37	575.19
HONW2	872.40	872.65	826.95	826.74	836.65	836.06	749.24	753.08	749.31	747.66	749.36	749.23	1.61	0.44	1.92	0.26	0.00	0.06	822.54	822.54	822.54	810.12	810.12	587.44	587.44	587.37	575.19
HONW3	872.34	872.58	826.89	826.67	836.59	836.00	749.20	753.04	749.27	747.62	749.32	749.19	1.61	0.43	1.92	0.32	0.06	0.00	822.53	822.53	822.53	810.11	810.11	587.48	587.48	587.40	575.22
SANTEE1	1042.51	1042.53	996.50	996.29	1001.66	1001.49	1455.03	1461.00	1455.00	1458.01	1455.00	1455.03	824.14	822.95	824.44	822.71	822.54	822.53	0.00	0.00	0.00	35.03	35.03	524.06	524.06	524.08	528.04
SANTEE2	1042.51	1042.53	996.50	996.29	1001.66	1001.49	1455.03	1461.00	1455.00	1458.01	1455.00	1455.03	824.14	822.95	824.44	822.71	822.54	822.53	0.00	0.00	0.00	35.03	35.03	524.06	524.06	524.08	528.04
SANTEE3	1042.51	1042.53	996.50	996.29	1001.66	1001.49	1455.03	1461.00	1455.00	1458.01	1455.00	1455.03	824.14	822.95	824.44	822.71	822.54	822.53	0.00	0.00	0.00	35.03	35.03	524.06	524.06	524.08	528.04
BEIDLER1	1008.51	1008.53	962.69	962.49	967.77	967.61	1431.29	1437.34	1431.26	1434.47	1431.25	1431.29	811.71	810.52	812.01	810.30	810.12	810.11	35.03	35.03	35.03	0.00	0.00	538.98	538.98	539.00	542.24
BEIDLER2	1008.51	1008.53	962.69	962.49	967.77	967.61	1431.29	1437.34	1431.26	1434.47	1431.25	1431.29	811.71	810.52	812.01	810.30	810.12	810.11	35.03	35.03	35.03	0.00	0.00	538.98	538.98	539.00	542.24
RICERIVER1	1243.00	1243.15	1192.24	1192.01	1200.49	1200.07	1335.45	1339.51	1335.51	1334.26	1335.56	1335.44	588.82	587.86	589.09	587.45	587.44	587.48	524.06	524.06	524.06	538.98	538.98	0.00	0.00	0.08	12.56
RICERIVER2	1243.00	1243.15	1192.24	1192.01	1200.49	1200.07	1335.45	1339.51	1335.51	1334.26	1335.56	1335.44	588.82	587.86	589.09	587.44	587.44	587.48	524.06	524.06	524.06	538.98	538.98	0.00	0.00	0.08	12.56
RICERIVER3	1242.96	1243.11	1192.20	1191.97	1200.45	1200.02	1335.38	1339.44	1335.44	1334.19	1335.49	1335.37	588.75	587.79	589.02	587.37	587.37	587.40	524.08	524.08	524.08	539.00	539.00	0.08	0.08	0.00	12.48
DEEPBOTTOM1	1235.30	1235.45	1184.54	1184.31	1192.83	1192.41	1323.34	1327.38	1323.40	1322.12	1323.45	1323.33	576.56	575.61	576.83	575.19	575.19	575.22	528.04	528.04	528.04	542.24	542.24	12.56	12.56	12.48	0.00
